[profile-img.jpg]
filters=bw=1;radblur=1,0.500000,0.500000,0.000000,0.000000;bw=1;bw=1;bw=1;sepia=1;bw=1;bw=1;unsharp=1;bw=1;
moddate=2994ccad2855d601
width=212
height=448
